20 5 50 10 400 6500
25 1 3 5 10 12 13 20 21 22 23 24 25 27 29 31 32 33 35 38 40 41 42 43 44 49
23 1 3 5 6 12 15 17 18 21 22 24 26 27 31 32 35 37 38 40 41 42 43 47
26 1 3 4 5 10 13 15 17 18 20 21 22 23 24 27 29 30 31 32 34 35 37 38 40 42 43
28 1 3 5 6 10 12 13 14 17 18 20 21 24 25 26 27 28 30 31 32 33 34 35 37 38 40 41 43
33 1 3 4 5 9 10 16 17 18 19 21 22 23 24 26 27 28 29 31 32 33 34 35 37 38 39 40 41 42 43 45 46 48
26 1 3 5 9 10 12 15 16 18 20 21 22 23 24 27 31 32 33 34 35 37 40 41 43 44 45
24 1 3 10 12 13 15 17 18 20 21 24 26 27 31 32 33 34 35 38 39 40 41 42 43
26 0 3 4 5 10 12 17 21 22 23 24 27 30 31 32 33 34 35 37 38 40 42 43 44 45 49
27 0 1 3 4 5 12 13 16 17 18 21 22 23 24 26 27 29 31 32 33 34 35 38 40 41 43 45
27 0 1 3 4 5 10 11 12 14 17 21 22 23 24 27 30 31 32 33 35 37 38 39 40 41 44 45
24 3 5 10 12 15 16 17 18 20 21 23 24 26 27 29 31 33 35 38 40 42 43 45 47
22 3 4 5 10 15 17 21 22 23 24 31 32 34 35 38 40 41 43 44 45 46 48
22 1 3 5 10 11 15 17 21 22 23 24 26 27 31 32 33 34 35 37 40 43 45
25 1 3 4 5 10 14 15 18 20 21 22 23 24 26 27 30 31 34 35 37 38 40 41 43 46
25 1 5 10 12 15 17 21 22 23 24 27 28 29 30 31 32 33 34 35 40 41 43 44 46 47
26 0 1 3 5 10 11 14 15 17 19 21 22 23 24 26 27 31 32 34 35 37 38 41 42 43 45
23 0 1 3 5 10 12 13 15 17 21 22 24 27 30 31 32 33 35 38 40 41 42 43
23 3 4 5 10 12 20 21 22 24 26 27 31 32 34 35 37 38 40 41 43 44 46 47
28 1 3 4 5 7 10 11 14 17 20 21 22 24 26 27 31 32 33 34 35 37 38 40 41 42 43 46 47
24 1 3 4 5 6 10 12 13 14 17 20 21 24 26 27 29 33 37 38 40 42 43 44 45
26 1 3 5 10 12 13 14 17 18 24 26 27 28 30 31 32 33 35 37 38 40 41 43 44 46 49
27 3 5 9 10 11 15 18 19 21 22 23 24 26 27 28 31 32 33 34 35 38 40 41 42 43 44 46
19 1 3 4 5 10 17 18 21 24 26 31 32 33 34 35 40 41 42 43
28 1 3 5 7 10 12 13 14 17 18 21 22 23 24 27 28 32 33 34 35 37 41 42 43 44 45 46 47
28 0 1 4 5 10 12 16 17 18 20 21 23 24 27 29 30 31 32 33 34 35 37 38 40 42 43 48 49
22 1 3 4 5 6 10 17 21 22 24 26 27 31 32 33 34 35 39 40 41 43 44
25 1 2 3 4 5 9 10 12 13 20 21 22 23 24 25 26 27 31 32 34 37 38 40 43 46
26 1 3 5 6 10 11 12 17 18 21 23 24 27 28 31 32 33 34 35 38 40 42 43 44 45 46
25 0 1 3 5 6 13 15 18 20 21 22 23 24 27 31 35 37 38 40 41 42 43 44 45 47
22 1 5 10 12 13 15 17 21 22 23 24 27 31 32 33 35 38 42 43 44 47 49
25 1 3 5 10 12 17 20 21 22 23 24 27 30 31 32 34 35 38 40 41 42 43 46 47 48
23 1 3 5 10 13 14 15 17 21 24 29 31 32 33 34 35 38 40 41 43 44 45 48
26 1 3 5 10 13 14 17 18 20 21 22 23 24 27 28 31 32 34 35 37 38 40 41 43 48 49
27 1 2 3 4 5 10 12 13 14 15 17 18 21 24 26 27 31 32 33 34 35 38 40 41 42 43 44
27 3 4 5 10 12 13 17 21 22 23 24 26 27 30 31 32 33 35 37 38 40 42 43 44 45 48 49
24 1 3 5 9 10 13 15 18 21 22 23 24 26 27 31 32 34 35 38 40 41 43 44 47
22 1 3 5 15 17 21 23 24 26 27 31 32 33 34 35 38 40 41 42 43 44 49
24 1 3 5 7 10 12 17 18 21 22 24 26 27 28 29 31 32 34 35 38 40 43 44 49
32 0 1 2 3 4 5 9 10 12 13 15 18 21 22 23 24 25 26 27 28 31 32 33 34 35 38 39 40 42 43 45 47
20 1 3 5 10 12 17 21 22 24 29 31 32 34 35 37 38 39 40 43 45
29 1 3 4 5 6 7 10 12 13 15 16 17 18 20 21 23 24 26 31 32 34 35 37 38 40 41 42 43 46
27 1 3 4 5 6 10 13 14 15 17 18 21 24 26 27 29 30 31 32 33 35 37 38 40 41 43 44
20 5 10 17 21 22 23 26 27 30 31 32 33 34 35 37 38 40 41 43 45
23 0 3 5 10 11 21 22 23 24 26 27 31 32 34 35 37 38 40 41 43 44 45 47
28 1 4 5 10 11 12 14 15 18 20 21 22 23 24 26 27 31 32 33 35 37 38 39 40 41 42 43 45
23 1 3 4 5 10 12 14 18 21 23 24 27 31 32 34 35 37 38 40 43 44 45 46
26 3 5 12 14 17 18 21 22 23 24 26 27 29 31 32 33 34 35 38 39 40 42 43 45 48 49
20 1 5 10 12 15 21 22 24 26 29 31 32 34 35 37 38 40 41 42 43
30 3 5 10 13 14 15 17 18 20 21 22 23 24 26 28 29 31 32 33 34 35 38 39 40 41 43 45 47 48 49
26 1 3 4 5 9 10 13 14 15 17 21 22 23 24 27 32 33 34 35 38 40 41 42 43 44 45
24 0 1 3 5 9 10 12 15 17 21 22 26 27 31 32 34 35 38 40 41 42 43 44 45
24 1 3 5 9 10 13 15 17 18 21 22 23 24 27 31 32 34 35 37 38 40 41 43 46
24 1 3 5 10 15 17 18 21 22 23 24 27 30 31 32 33 34 35 37 38 40 41 42 43
28 1 3 4 5 7 10 12 13 15 17 21 22 24 26 27 31 32 33 34 35 37 38 39 40 41 43 44 46
24 3 5 9 10 15 17 18 20 21 22 23 26 30 31 32 33 34 35 37 38 40 41 42 43
28 0 3 4 5 10 13 17 21 22 23 24 27 28 29 31 32 33 34 35 37 38 40 41 42 43 44 47 48
32 1 2 3 5 7 10 12 13 14 15 17 20 21 22 23 26 27 28 30 31 32 33 34 35 37 38 40 41 42 43 44 45
23 1 3 4 5 6 10 13 17 18 21 22 23 24 27 31 33 34 35 38 40 43 46 49
28 1 3 5 7 9 10 12 13 14 17 18 20 21 22 23 24 25 27 30 32 33 34 35 38 40 41 43 45
25 0 1 3 11 12 13 20 21 22 23 24 26 27 31 32 33 34 35 37 38 40 41 43 45 49
21 1 3 5 13 17 21 23 24 26 27 29 31 32 34 35 37 38 39 40 43 46
26 0 1 3 5 7 9 10 11 14 17 18 20 21 22 23 24 31 32 33 34 35 38 41 43 44 47
20 1 3 4 5 10 14 15 17 21 22 24 27 31 32 34 35 38 43 45 47
27 1 3 5 7 10 12 13 18 20 21 22 24 27 30 31 32 35 38 39 40 41 42 43 44 45 46 49
25 1 5 6 10 13 15 17 18 21 23 24 26 27 31 32 33 35 38 40 41 42 43 44 45 48
24 3 5 10 11 12 13 17 21 22 26 27 29 30 31 34 35 38 40 41 42 43 44 45 47
26 1 2 4 5 10 13 15 19 21 22 24 27 28 29 31 32 33 34 35 37 38 40 43 44 45 49
24 1 3 5 9 10 12 14 15 17 18 21 22 23 24 26 27 31 38 40 41 42 43 44 49
29 1 3 5 9 10 11 14 15 17 21 22 24 28 29 31 32 33 34 35 37 38 39 40 41 42 43 44 47 49
24 3 5 10 12 13 15 17 20 21 22 23 24 27 30 31 32 34 35 37 38 40 41 42 43
26 1 3 5 9 12 13 17 18 20 21 22 24 27 28 31 32 33 34 35 37 38 40 41 43 44 45
24 1 5 10 11 12 15 18 21 22 23 24 26 27 28 32 33 34 35 38 40 41 42 43 44
25 3 4 5 10 13 18 21 22 23 24 26 27 29 32 34 35 37 38 39 40 41 42 43 45 47
29 1 3 9 10 11 12 13 17 18 20 21 22 24 26 27 28 29 30 31 32 33 34 35 38 40 41 43 47 48
29 1 3 5 9 11 12 14 18 21 22 23 24 26 27 31 32 33 34 35 37 38 40 41 42 43 44 45 47 48
27 1 4 5 6 12 13 15 18 20 21 22 23 24 26 27 28 32 33 34 35 37 38 41 43 45 46 47
24 3 4 5 11 13 14 15 17 18 20 21 22 23 24 26 31 34 35 38 40 41 42 43 44
24 1 3 4 9 10 11 12 15 17 21 22 24 26 27 31 32 34 35 40 41 43 45 47 49
23 0 1 3 5 10 11 14 15 17 20 21 23 24 27 31 32 34 35 38 40 43 44 45
21 1 5 10 11 12 13 18 20 21 22 24 26 27 30 31 32 34 38 40 43 44
25 1 3 5 6 12 13 15 17 18 21 22 23 24 31 32 33 34 35 38 40 41 42 43 46 48
27 1 3 5 9 10 12 17 18 21 23 26 27 28 29 31 32 34 35 36 37 38 40 42 43 45 47 48
23 1 3 5 6 10 12 14 17 18 21 22 24 27 29 31 32 34 35 38 40 41 43 44
23 1 3 4 5 8 16 17 18 20 21 22 23 26 27 30 31 32 33 35 38 40 43 45
21 1 3 5 6 11 12 21 22 23 25 26 27 31 32 33 35 38 40 41 43 49
26 0 1 3 4 5 10 12 13 21 22 24 26 27 30 31 32 33 34 35 38 39 40 41 43 44 49
28 1 3 5 9 10 12 13 15 17 18 20 21 22 23 24 31 32 33 34 35 38 39 40 42 43 44 47 49
24 1 5 12 13 17 18 21 24 26 27 28 29 30 31 32 34 35 37 38 40 42 43 44 47
28 1 3 5 7 12 15 17 21 23 24 26 27 28 30 31 32 33 34 35 37 38 39 40 41 43 47 48 49
30 1 3 4 5 9 10 12 16 17 18 20 21 22 23 24 26 27 29 31 32 34 35 37 38 40 41 43 44 46 48
27 0 1 3 4 5 12 13 14 15 16 17 21 22 26 27 29 31 32 34 35 37 38 40 41 42 43 48
21 1 3 4 5 11 12 21 22 23 24 27 31 34 35 38 40 41 42 43 48 49
23 3 5 10 12 13 15 18 21 22 24 30 31 32 33 34 35 37 38 40 41 43 44 45
25 1 2 3 5 10 15 17 18 21 22 24 27 28 29 31 32 33 34 35 38 41 42 43 44 46
27 1 3 5 9 10 12 13 15 21 22 23 24 27 29 31 32 33 34 35 37 38 39 40 41 43 45 46
27 0 1 3 5 9 10 13 14 17 18 21 22 24 27 28 31 32 33 34 35 37 38 40 41 43 44 45
25 0 1 3 5 9 12 13 14 15 19 20 21 22 24 25 31 32 35 37 38 40 41 42 43 44
20 3 5 9 15 16 17 18 21 22 23 24 26 27 28 31 32 34 35 40 43
24 3 5 7 10 12 13 14 15 17 21 22 23 24 27 29 31 32 34 35 37 38 40 41 43
23 1 3 5 7 10 16 17 20 22 23 24 26 31 32 34 35 36 38 40 41 43 45 47
20 1 3 4 5 14 17 18 21 22 26 27 31 32 33 34 35 38 40 42 43
31 1 3 4 5 9 10 11 12 13 15 17 18 21 22 24 25 26 27 28 30 31 32 34 35 38 39 40 41 43 44 45
28 1 3 4 5 10 12 18 21 22 23 26 27 28 29 31 32 33 34 35 37 38 40 41 42 43 44 46 49
26 1 3 5 9 10 16 17 18 21 22 24 25 27 28 31 32 34 35 37 38 39 40 41 42 43 49
23 1 3 4 5 6 13 14 17 20 21 22 23 24 26 30 31 32 34 35 38 40 43 49
28 1 3 4 5 6 10 12 13 15 18 20 21 22 24 26 27 32 34 35 37 38 39 40 41 43 44 45 47
25 0 1 3 4 5 10 11 13 17 21 22 24 27 31 32 34 37 38 39 40 41 42 43 44 45
25 1 3 4 5 11 15 17 20 21 22 23 24 27 29 30 31 32 33 34 35 38 40 43 44 45
28 1 3 5 10 12 13 14 15 17 18 21 22 23 24 27 31 32 33 34 35 36 38 40 43 44 45 47 48
26 0 1 3 5 10 13 14 15 21 22 24 27 28 31 32 33 34 35 37 38 39 40 41 43 44 45
27 0 1 3 5 10 11 12 13 14 15 17 21 22 23 24 26 27 30 32 33 34 35 38 40 43 45 48
30 1 3 4 5 10 13 14 15 17 18 20 21 22 23 24 27 29 30 31 32 33 34 35 37 38 40 41 43 44 45
24 1 3 5 9 10 11 13 17 21 22 23 24 26 27 32 34 35 38 40 41 42 43 45 49
26 1 3 4 5 10 13 15 17 18 20 21 22 23 24 27 31 32 33 34 35 38 40 42 43 44 49
22 0 1 3 5 12 17 18 21 22 23 27 31 34 35 38 40 41 42 43 44 45 46
27 1 3 5 7 9 10 13 15 17 18 20 21 22 24 26 27 28 30 31 32 34 35 37 40 41 42 43
28 1 3 5 9 10 12 13 14 20 21 22 23 24 27 29 30 31 32 34 35 37 38 39 40 41 42 43 44
24 1 3 5 6 10 11 12 15 17 20 21 22 23 24 27 32 34 35 37 40 41 43 44 47
30 3 4 5 6 7 9 10 11 13 14 15 17 18 21 22 23 24 27 29 31 32 33 34 35 37 38 40 41 45 49
22 1 3 5 8 15 17 18 21 22 23 24 26 29 32 33 35 38 40 41 42 43 44
25 3 4 5 10 15 17 18 21 23 24 26 27 28 29 31 32 33 34 35 38 40 41 43 45 49
29 1 2 3 5 9 10 12 13 15 17 18 20 21 22 23 24 27 30 31 32 34 35 37 38 40 42 43 44 45
27 1 3 5 10 14 15 17 18 20 21 22 24 27 29 30 31 32 34 35 37 38 39 40 41 43 46 48
25 1 3 5 10 12 13 15 17 20 21 22 24 26 27 31 32 34 35 37 40 41 42 43 45 47
25 1 3 4 5 7 12 13 15 20 21 23 24 26 27 31 32 34 35 37 38 40 41 42 43 44
29 1 2 3 4 5 11 12 13 14 15 17 18 21 22 23 24 26 27 28 32 34 35 38 40 41 42 43 45 49
25 1 3 4 5 7 12 14 15 17 18 21 22 24 26 27 29 31 32 34 35 37 38 40 41 43
29 1 3 5 10 12 13 14 15 21 22 23 24 27 28 29 31 32 33 34 35 38 40 41 42 43 44 45 48 49
24 3 4 5 10 12 13 15 18 21 22 24 26 32 33 34 35 37 38 39 40 41 42 43 49
21 3 5 10 13 17 21 22 23 24 27 31 32 33 34 35 38 40 41 42 43 45
23 1 3 5 10 17 18 21 22 24 27 30 31 32 33 34 35 38 39 40 41 42 43 45
25 1 3 5 10 14 15 17 18 21 23 24 27 29 31 32 34 35 38 40 41 42 43 44 45 46
23 1 3 5 13 15 17 18 21 22 24 26 27 31 32 34 35 38 40 41 42 43 44 45
25 1 3 4 5 9 10 15 17 18 20 22 23 24 27 28 29 31 32 34 35 37 38 40 41 43
26 2 3 4 5 10 11 12 13 15 17 18 20 21 22 23 27 28 31 34 35 38 40 42 43 45 47
26 1 3 5 10 12 13 17 18 20 21 22 23 27 29 31 32 33 34 35 37 38 40 41 43 44 45
25 1 2 3 5 10 12 15 17 18 20 21 22 23 24 26 27 31 32 33 34 35 38 40 43 44
32 1 3 5 9 10 11 12 15 17 18 19 20 21 22 23 24 26 28 29 31 32 33 34 35 37 38 40 41 43 45 46 47
29 1 3 4 5 7 10 12 13 15 17 18 21 22 24 26 27 28 30 31 32 34 35 37 38 40 43 44 45 48
24 1 3 4 5 10 15 17 18 21 22 23 24 26 27 28 29 30 31 32 34 35 38 43 44
25 1 3 5 9 10 11 12 13 15 18 21 22 24 26 29 32 33 34 35 38 40 42 43 46 48
25 2 3 5 13 14 16 17 18 20 21 22 23 24 26 27 32 34 35 37 38 40 42 43 46 48
24 1 3 4 5 7 10 15 18 21 22 26 27 28 30 31 32 35 37 38 40 41 43 44 48
27 1 2 3 4 5 10 12 13 15 17 18 20 21 22 23 24 26 27 31 32 34 35 37 38 40 43 49
26 0 1 3 5 6 10 11 13 17 18 21 22 24 26 27 32 34 35 37 38 40 42 43 44 45 48
25 1 5 10 12 13 17 18 20 21 24 27 29 30 31 32 33 34 37 38 40 41 42 43 44 45
30 1 3 4 5 10 13 15 16 18 19 20 21 22 23 24 27 28 29 32 33 34 35 37 38 40 41 43 44 45 48
28 1 2 3 4 5 10 11 14 15 17 21 22 23 24 26 27 30 31 32 33 34 35 38 40 43 44 45 48
26 0 3 5 8 10 11 13 17 20 21 22 24 26 27 28 30 32 33 34 35 38 39 40 42 43 47
23 0 1 3 5 10 12 13 21 22 23 24 27 28 30 31 32 33 34 35 38 43 44 45
28 1 3 10 12 13 17 18 20 21 22 23 24 26 27 31 32 34 35 37 38 39 40 42 43 44 45 47 49
28 0 1 2 3 5 10 12 17 18 20 21 23 24 26 27 28 30 31 32 33 34 35 37 38 41 43 44 45
23 1 3 5 10 12 13 17 18 20 21 22 23 24 27 31 32 34 35 38 40 41 43 44
33 0 1 3 5 10 11 12 13 15 18 20 21 22 23 24 26 27 29 31 32 33 34 35 37 38 39 40 41 42 43 45 48 49
26 1 3 5 9 10 12 13 15 17 20 21 22 23 24 26 27 31 32 33 34 35 37 40 43 45 47
21 3 12 17 18 21 22 23 24 26 27 31 32 34 35 37 38 41 42 43 45 49
32 1 3 4 5 7 10 12 14 15 17 18 21 22 23 24 26 27 30 31 32 33 34 35 37 38 39 40 41 43 44 47 49
25 3 5 10 12 15 18 21 22 23 24 27 29 30 31 32 33 34 35 38 40 41 43 44 45 47
27 1 2 3 4 5 10 11 13 17 18 21 23 24 27 31 32 34 35 36 38 39 40 41 43 44 46 47
28 1 3 5 9 10 11 12 15 17 18 20 21 22 23 24 26 27 30 31 32 33 35 38 39 40 41 42 43
25 1 3 10 11 12 13 21 22 23 24 26 27 28 31 32 33 34 35 38 39 40 42 43 48 49
28 3 4 5 10 11 12 13 14 15 17 18 20 21 24 27 30 31 32 33 34 35 38 39 41 43 45 48 49
27 1 3 4 5 10 12 14 15 17 21 22 24 26 27 31 32 33 34 35 38 39 40 41 42 43 44 47
21 1 4 5 10 12 17 21 23 24 27 31 32 33 34 35 37 38 40 41 42 43
32 0 1 3 5 6 7 10 12 13 14 17 18 20 21 24 27 28 29 31 32 33 34 35 37 38 40 41 42 43 44 45 46
25 2 3 5 9 10 12 13 14 15 17 21 23 24 29 30 31 32 33 35 38 40 42 43 44 45
27 1 2 3 4 5 10 11 12 15 17 20 21 23 24 27 29 31 34 35 37 38 39 40 41 43 44 49
24 0 1 2 3 4 5 10 13 15 17 21 22 24 27 31 32 33 34 35 37 38 40 43 46
24 3 5 7 10 13 17 20 21 23 24 26 27 29 32 33 34 35 37 38 39 40 41 42 43
25 2 4 5 9 10 11 12 16 18 21 22 23 24 26 27 31 32 33 34 35 37 38 40 42 49
24 3 5 12 13 17 18 20 21 22 24 26 27 30 31 32 33 34 35 37 38 40 41 43 46
28 1 4 5 9 12 13 17 20 21 22 23 24 26 28 29 31 32 33 34 35 37 38 39 40 41 43 45 47
22 1 5 7 10 17 20 21 22 24 26 27 31 32 33 34 35 38 40 41 42 43 44
28 1 3 5 10 11 13 14 15 17 18 20 21 22 23 24 26 31 32 33 34 35 38 40 41 42 43 44 48
27 1 3 5 6 10 12 15 17 21 22 23 24 27 28 29 30 31 32 33 34 35 37 38 40 42 43 45
28 1 3 5 7 9 10 13 17 21 22 24 26 27 28 30 32 33 34 35 37 38 40 41 42 43 44 45 47
28 1 3 4 5 10 12 14 15 17 21 22 24 26 27 28 29 31 32 33 34 35 40 41 42 43 44 47 49
25 1 3 4 5 9 11 15 17 18 21 23 26 29 31 32 34 35 37 38 39 40 42 43 45 47
23 1 3 4 5 12 13 17 21 22 23 24 26 27 31 32 33 34 35 38 40 41 43 44
29 1 3 4 5 7 9 10 12 13 14 15 17 20 21 22 24 26 27 30 31 32 34 35 38 40 41 43 44 46
22 1 3 6 10 15 17 18 20 21 22 23 26 27 31 32 35 38 41 42 43 44 46
25 0 3 5 10 11 12 17 21 22 23 24 26 27 30 32 34 35 37 38 40 41 43 45 47 49
29 1 2 3 4 5 9 10 11 12 17 18 21 23 24 26 27 31 32 33 34 35 37 38 40 41 42 43 44 45
25 3 5 10 11 13 17 18 20 21 23 24 27 28 30 31 32 34 35 38 40 41 42 43 44 45
26 1 3 5 10 11 12 15 17 18 21 22 27 29 31 32 33 34 35 38 40 41 42 43 44 45 49
27 3 4 5 7 10 11 15 17 21 22 23 24 26 27 30 32 34 35 37 38 39 40 41 42 43 44 45
26 1 3 4 5 10 12 14 15 17 19 21 23 24 26 27 28 30 31 32 33 34 35 37 40 42 43
27 1 3 4 5 10 11 15 17 18 21 24 26 27 30 31 32 33 34 35 36 37 38 40 41 43 44 47
26 1 3 5 7 10 11 12 15 17 18 20 21 22 23 24 27 29 30 31 32 33 35 37 38 40 43
22 1 3 4 5 15 17 18 20 21 22 24 26 27 28 32 34 35 38 40 41 42 44
26 1 3 4 7 12 13 17 21 22 23 26 27 28 29 31 32 33 34 35 36 38 40 42 43 44 49
31 1 3 4 5 8 10 11 13 14 15 17 18 21 22 24 26 27 30 31 32 33 34 35 38 40 41 42 43 44 45 46
27 1 3 9 10 11 12 13 17 21 22 23 24 26 27 28 31 32 33 34 35 37 38 40 41 43 44 47
25 1 3 5 12 15 16 17 18 21 22 23 24 27 30 31 32 33 34 35 38 40 41 43 45 48
23 1 4 5 10 11 12 14 15 21 22 24 27 31 32 33 34 35 38 40 41 42 43 49
26 1 2 3 5 10 12 15 17 20 21 22 24 27 31 32 34 35 37 38 39 40 41 42 43 44 47
32 0 1 3 5 10 12 13 14 15 17 18 19 20 21 22 23 24 27 29 30 31 32 33 34 35 37 38 40 41 43 45 48
25 1 3 4 5 10 11 13 15 17 18 21 22 23 24 26 27 31 32 33 34 35 38 39 40 46
28 1 3 4 5 10 14 16 17 18 20 21 22 24 26 27 28 30 31 32 34 35 37 38 40 41 42 43 46
23 1 3 5 10 12 13 15 17 18 21 24 27 31 32 34 35 37 38 40 41 43 44 47
22 1 3 4 5 10 11 12 15 17 18 21 24 26 27 31 32 33 35 38 40 42 43
24 0 1 3 5 10 12 13 14 15 16 21 22 24 27 28 29 31 32 34 35 38 40 41 43
29 1 3 4 5 10 13 14 16 17 18 21 22 23 27 29 31 32 33 34 35 37 38 40 41 42 43 44 45 46
23 1 3 5 10 12 14 15 17 18 20 21 22 23 24 27 33 34 35 38 39 40 42 43
27 3 4 5 9 10 11 12 14 16 17 20 21 22 23 24 27 30 31 34 35 37 38 40 41 43 44 48
29 0 1 2 3 5 10 12 13 14 15 18 21 22 23 24 26 27 28 29 31 32 34 35 38 40 41 42 43 45
23 0 3 5 10 11 12 18 20 21 22 24 26 27 29 31 33 34 35 37 38 40 41 43
28 3 5 7 9 10 14 15 16 17 18 21 22 23 24 28 29 31 32 35 38 39 40 41 42 43 44 45 48
24 1 3 5 10 12 13 15 17 21 22 24 26 27 28 31 32 34 35 38 40 42 43 44 48
26 1 3 4 9 10 12 13 14 15 18 20 21 22 24 26 27 31 32 34 38 39 40 42 43 44 46
28 1 3 5 9 12 15 17 18 20 21 22 23 24 26 27 31 34 35 37 38 39 40 41 42 43 44 45 48
24 1 4 5 6 10 12 13 17 22 24 26 27 29 30 31 32 34 35 38 40 42 43 44 46
22 3 4 5 10 18 20 21 22 23 24 26 27 31 32 33 34 35 37 38 40 42 43
27 0 1 5 10 12 13 14 17 20 21 22 23 24 26 27 28 31 32 33 34 35 37 38 40 43 44 47
24 3 5 10 13 14 21 22 23 24 26 27 30 31 32 33 34 35 38 40 41 42 43 44 45
26 1 3 4 5 9 13 14 15 17 18 20 21 22 23 24 27 31 32 35 37 38 39 40 41 43 47
26 0 3 4 5 10 12 17 18 20 21 22 23 24 26 27 32 33 34 35 37 38 40 41 42 43 47
28 1 3 4 5 10 11 12 15 17 18 21 22 23 24 26 27 32 33 34 35 37 38 40 41 42 43 44 47
29 3 4 5 10 12 13 14 17 18 20 21 22 26 27 31 32 33 34 35 37 38 40 41 42 43 44 45 47 48
26 1 3 4 5 12 14 15 18 20 21 22 23 24 26 27 31 32 35 37 38 39 40 41 42 43 45
25 1 3 4 5 10 12 13 18 20 21 22 24 29 31 32 33 34 35 37 38 41 42 43 44 46
24 1 3 5 9 13 14 17 18 21 22 24 26 27 30 31 32 33 35 38 41 42 43 44 46
24 0 1 3 5 10 13 14 15 21 22 23 24 26 27 28 32 33 34 35 38 40 41 43 44
26 1 3 5 7 9 10 13 18 20 21 22 23 24 27 31 32 33 34 35 37 38 40 41 42 43 46
27 1 3 5 10 12 13 15 17 18 20 21 22 23 24 26 27 29 31 34 35 38 40 41 42 43 44 45
29 1 3 4 5 10 12 14 15 18 20 21 22 23 24 26 27 29 31 32 33 34 35 38 40 41 42 43 46 48
25 1 2 3 5 10 12 13 17 18 20 21 22 24 26 31 32 33 34 35 38 40 41 43 45 47
25 0 3 4 5 10 13 17 18 21 22 24 27 29 30 31 32 33 34 35 38 39 40 41 43 49
23 1 3 4 5 12 21 22 23 25 26 27 31 32 34 35 38 40 41 42 43 44 45 46
29 1 3 5 9 10 11 12 14 15 16 17 18 20 21 22 24 26 27 30 31 32 34 35 38 39 40 41 42 43
26 1 3 5 7 17 18 20 21 22 23 24 26 27 29 31 32 33 34 35 37 38 40 41 42 43 49
29 1 3 4 5 10 11 12 13 14 15 17 18 20 21 22 23 24 26 27 28 29 31 32 34 35 38 41 42 43
27 1 3 4 5 10 12 13 21 22 24 27 28 30 31 32 33 34 35 37 38 40 41 42 43 44 46 47
26 1 3 5 12 15 17 21 22 23 24 26 27 28 30 31 32 34 35 37 38 40 41 42 43 47 49
25 1 3 5 7 10 13 18 21 22 24 27 28 29 31 33 34 35 38 40 41 42 43 44 45 46
28 0 1 3 5 10 12 16 17 20 21 23 24 26 27 28 29 31 32 34 35 37 38 40 41 43 44 45 49
25 1 3 5 9 10 12 13 14 17 18 21 22 23 24 26 27 32 33 34 35 37 38 40 42 43
23 1 3 5 6 10 12 15 17 21 22 23 24 26 28 32 34 35 38 40 41 42 43 45
32 1 3 4 5 6 10 11 12 13 15 17 20 21 22 23 24 26 27 30 31 32 33 34 35 38 40 41 43 44 45 47 48
26 0 1 3 4 5 10 13 18 20 21 22 23 24 26 27 29 31 32 34 35 37 38 41 43 45 47
28 1 3 5 8 10 12 15 17 18 20 21 22 23 24 25 26 27 31 32 34 35 37 38 39 40 42 43 46
27 1 3 4 5 10 11 12 13 15 17 18 21 22 23 24 27 28 32 34 35 38 40 41 42 43 45 48
23 1 3 5 12 13 17 21 22 23 24 27 30 31 32 33 34 35 37 38 40 42 43 44
21 1 3 5 10 13 14 15 20 21 23 24 27 29 31 32 34 35 39 40 41 43
26 1 3 5 9 10 11 13 14 17 18 20 22 23 27 32 33 34 35 37 38 40 41 43 44 45 47
25 1 3 5 10 17 18 20 21 22 23 24 27 31 33 34 35 37 38 40 41 43 44 46 47 49
24 0 1 3 4 5 10 12 14 15 17 21 22 30 31 32 34 35 37 38 40 41 42 43 45
20 2 3 4 5 10 12 17 20 21 23 24 27 32 34 35 38 40 41 43 47
22 0 1 3 5 9 12 13 14 15 18 21 24 26 31 34 35 38 40 41 42 43 44
31 3 5 10 11 12 13 14 15 16 17 20 21 22 23 24 25 26 27 28 29 31 32 34 35 37 38 41 42 43 48 49
31 1 3 5 6 10 12 15 17 18 19 20 21 22 24 27 29 30 31 32 34 35 37 40 41 42 43 44 45 46 48 49
20 1 3 4 5 8 12 20 21 22 27 31 32 33 34 35 37 40 42 43 45
31 1 3 4 5 10 11 12 13 17 18 21 22 23 24 26 27 30 33 34 35 37 38 39 40 41 42 43 44 45 47 49
29 1 3 4 5 10 13 15 17 18 20 21 23 24 26 27 31 32 33 34 35 38 40 41 42 43 44 45 46 48
25 1 3 10 12 17 18 20 21 22 23 24 26 27 31 32 33 34 35 37 38 40 43 45 46 47
29 0 1 3 4 5 10 12 13 14 15 17 18 21 22 23 24 27 30 31 32 33 34 35 38 40 41 42 43 49
25 1 3 5 9 10 12 13 14 15 21 22 24 26 27 29 30 31 32 35 37 38 40 41 42 43
31 1 2 3 4 5 7 8 9 10 12 13 15 17 18 21 22 24 26 28 30 31 33 34 35 37 38 40 42 43 45 48
24 1 3 5 9 10 12 13 15 18 20 21 24 27 30 31 32 34 35 39 40 43 44 45 49
24 3 5 10 13 15 17 19 21 22 23 24 26 27 31 32 33 34 35 38 40 41 43 44 45
26 1 3 4 5 10 15 16 17 18 21 23 24 26 29 31 32 33 34 35 37 38 39 40 41 43 44
28 1 3 5 10 11 13 14 17 18 21 23 24 26 27 28 31 32 33 34 35 37 38 40 41 42 43 44 45
29 1 3 4 5 6 10 12 14 17 18 20 21 22 23 24 26 28 29 30 32 34 35 37 38 40 43 44 45 47
26 0 3 4 5 9 11 12 13 15 17 21 22 23 24 26 27 31 32 33 34 35 38 40 41 42 43
26 1 3 5 10 12 17 18 21 22 24 26 27 28 29 32 34 35 37 38 40 41 42 43 44 46 47
26 3 5 7 10 12 13 14 15 17 18 21 22 24 26 28 29 32 33 34 35 37 38 40 41 43 49
24 1 3 4 5 9 11 15 18 21 22 24 26 27 30 31 32 34 35 38 40 41 43 45 46
27 1 3 4 5 7 10 12 15 17 21 22 23 24 26 27 29 30 31 32 35 37 38 40 41 42 43 44
26 0 1 3 5 10 13 15 17 18 21 23 24 27 29 31 32 33 34 35 37 38 40 41 43 45 47
26 0 1 3 10 12 15 17 21 22 23 24 26 27 28 31 32 33 35 38 39 40 43 44 45 46 49
25 0 1 3 5 7 10 13 14 17 18 20 21 22 23 24 27 31 33 34 35 40 41 43 45 49
25 1 3 5 10 12 13 14 17 21 22 23 24 27 28 29 32 34 35 37 38 40 41 43 44 45
22 0 1 3 5 7 10 20 21 22 24 26 27 31 32 33 34 35 38 40 41 43 45
22 3 4 10 12 17 21 22 23 24 27 29 30 31 32 34 35 38 39 40 41 42 43
24 0 3 5 8 9 10 14 17 21 24 27 28 30 31 32 34 35 37 38 39 40 41 43 44
29 1 3 4 5 10 11 18 19 20 21 22 24 26 31 32 33 34 35 37 38 39 40 41 42 43 44 45 47 48
28 1 3 5 10 12 13 14 15 17 18 20 21 22 23 24 26 27 31 32 34 35 38 40 41 42 43 44 45
25 0 1 3 5 10 13 17 21 22 24 25 26 27 30 31 32 33 34 35 38 40 41 42 43 44
21 1 5 10 11 12 14 17 18 21 23 24 26 27 32 33 35 37 38 40 43 47
25 1 3 5 9 10 14 15 18 21 22 23 24 26 27 32 33 34 35 38 39 40 41 43 44 49
27 3 4 5 10 12 14 15 17 18 21 22 23 24 27 28 29 31 32 34 35 38 40 41 42 43 48 49
26 1 3 4 5 10 11 15 17 21 22 24 26 27 31 32 34 35 37 38 39 40 41 42 43 45 46
25 1 3 4 5 10 13 17 18 21 23 24 26 27 31 32 33 34 35 36 37 38 40 43 45 47
28 2 3 4 5 10 14 16 17 18 20 21 23 24 26 27 30 31 32 34 35 37 38 39 42 43 44 45 46
25 1 3 4 5 10 13 17 18 21 22 23 24 26 27 30 31 32 34 35 38 40 41 43 45 48
25 0 3 4 10 15 17 18 20 21 22 23 24 27 29 30 31 32 34 35 37 38 40 41 43 49
27 2 3 5 13 14 17 18 20 21 22 23 24 26 28 30 31 32 34 35 38 39 40 41 42 43 44 45
26 1 2 5 8 11 15 16 17 18 21 22 23 24 27 31 32 33 34 35 37 39 40 41 42 43 48
24 1 3 4 5 10 11 13 17 21 22 23 24 26 31 32 34 35 37 38 40 41 42 43 44
23 3 4 5 10 13 15 17 21 22 24 25 26 27 32 33 34 35 37 38 40 41 42 43
23 1 3 5 10 12 13 15 17 18 20 21 22 24 29 32 34 35 38 40 41 43 44 49
25 3 5 9 10 12 15 17 19 20 21 22 24 27 31 32 33 34 35 38 40 41 43 44 45 49
21 3 4 5 7 11 12 13 14 18 21 22 24 31 32 34 35 38 39 40 43 45
22 1 3 5 10 11 15 17 18 21 22 23 24 27 31 32 33 34 35 40 41 43 44
28 1 4 5 7 10 12 13 14 15 21 23 25 27 29 31 32 33 34 35 36 37 38 39 40 43 45 46 49
23 1 3 10 11 12 13 17 21 23 24 27 29 30 31 32 33 34 35 38 39 43 44 46
31 1 2 3 5 10 11 12 15 17 18 20 21 22 23 24 26 27 28 29 30 31 32 33 34 35 38 40 42 43 45 48
26 1 3 5 9 10 12 13 17 20 21 22 23 24 26 27 31 33 35 37 38 40 41 42 43 44 45
25 1 3 4 5 10 12 13 18 21 22 24 26 27 30 32 33 34 35 38 40 41 42 43 44 49
27 1 3 5 10 11 13 14 17 18 21 22 24 26 27 28 30 31 32 33 34 35 38 40 41 42 43 44
26 1 3 5 6 10 11 12 14 15 16 17 20 21 22 26 27 30 31 34 35 37 38 40 41 43 44
27 1 3 5 10 11 13 14 15 17 18 21 22 24 27 30 31 32 33 34 35 37 38 40 41 42 43 45
35 1 3 4 5 8 10 12 13 14 15 17 18 20 21 22 23 24 26 27 28 29 32 33 34 35 38 39 40 41 42 43 45 47 48 49
23 1 3 5 10 13 17 18 21 22 23 24 26 28 31 32 34 35 38 40 43 44 45 46
26 1 3 5 10 11 12 15 21 22 23 24 26 27 28 29 31 32 34 35 38 40 41 43 45 46 47
25 3 5 10 13 17 18 21 22 23 24 26 27 30 31 32 33 34 35 37 40 41 43 45 46 47
23 1 5 10 11 12 15 21 22 27 28 31 32 33 34 35 37 38 40 41 42 43 45 46
27 0 1 3 5 10 11 12 13 17 21 22 23 29 30 32 33 35 37 38 40 41 42 43 44 45 47 49
24 1 3 5 10 12 15 21 22 24 26 27 31 32 33 34 35 38 40 41 42 43 44 45 46
28 0 1 3 5 10 11 12 14 15 18 20 21 22 23 24 27 31 32 33 34 35 37 38 40 41 43 44 45
29 1 3 4 5 9 10 12 15 17 18 19 21 22 23 24 27 31 32 33 34 35 37 38 40 41 42 43 45 49
25 1 3 5 10 12 13 14 17 21 23 24 27 31 32 33 34 35 38 40 41 42 43 44 45 47
25 3 5 10 13 14 15 17 18 24 26 27 28 29 31 33 34 35 37 38 40 42 43 44 45 46
21 1 3 5 13 20 21 22 23 24 27 31 32 34 35 37 38 40 41 42 43 45
31 0 1 3 4 5 9 10 13 14 15 17 21 22 24 26 27 29 31 32 33 34 35 37 38 39 40 41 42 43 45 46
29 1 2 3 5 10 11 12 13 15 17 20 21 22 24 26 27 31 32 33 34 35 37 38 40 41 42 43 45 46
21 1 3 5 10 12 15 17 20 21 22 23 24 27 29 31 32 34 35 40 43 47
27 1 3 4 5 9 10 13 19 21 22 23 24 27 29 30 31 33 34 35 37 38 39 40 41 42 43 49
25 1 3 4 5 10 11 13 17 20 21 23 24 26 27 31 32 33 34 38 40 41 42 43 46 49
26 1 3 4 5 9 10 12 14 17 19 20 21 22 23 24 26 31 32 34 35 38 40 41 42 43 47
27 1 3 5 12 13 14 16 18 20 21 22 23 27 31 32 33 34 35 37 38 40 42 43 44 45 46 49
29 1 3 4 5 9 10 12 13 14 16 21 22 26 27 31 32 33 34 35 37 38 39 40 42 43 44 45 46 49
26 3 4 11 14 15 17 20 21 22 23 24 26 29 30 31 32 33 34 35 37 38 39 40 41 43 45
28 0 1 3 5 10 12 13 15 17 18 21 22 23 24 26 27 29 31 32 34 35 38 40 41 42 43 44 47
24 2 3 5 10 11 17 18 19 20 21 22 23 27 30 31 33 34 35 38 40 41 42 43 45
21 3 5 9 10 17 21 22 24 26 31 32 33 34 35 37 38 40 42 43 44 45
24 1 3 5 9 10 12 15 18 21 22 23 24 27 30 31 32 33 34 35 36 38 40 43 44
25 1 3 5 9 10 12 17 18 20 21 22 24 27 30 31 32 33 34 35 37 40 41 42 43 44
30 1 2 3 4 5 9 12 13 14 15 16 17 21 22 24 26 27 30 31 32 34 35 38 39 40 41 42 43 44 47
25 0 1 3 4 5 10 17 21 22 23 24 26 27 30 31 32 34 35 37 38 40 41 43 45 48
25 1 3 5 7 12 14 15 16 18 21 22 23 24 26 30 31 33 34 35 38 40 41 43 44 45
31 0 1 3 4 5 10 12 15 18 21 23 26 27 29 30 31 32 33 34 35 36 37 38 40 41 42 43 44 45 46 47
27 1 3 5 10 12 13 15 17 18 21 22 23 24 26 27 30 31 32 33 34 35 38 40 41 42 43 44
27 1 3 5 9 10 13 14 21 22 24 26 27 29 30 31 32 33 34 35 36 38 39 40 41 42 43 45
28 1 3 4 5 10 15 17 18 20 21 22 23 24 27 28 30 31 32 35 36 37 38 39 41 42 43 44 46
23 3 5 10 12 15 20 21 22 23 24 26 27 31 32 33 34 35 38 40 41 42 43 44
28 2 3 5 9 12 13 16 19 21 22 23 24 25 26 27 28 31 32 33 34 35 40 41 42 43 46 48 49
22 1 3 5 9 10 12 15 18 21 22 24 26 27 32 34 35 37 38 40 41 43 44
25 1 3 4 5 10 12 14 17 18 20 21 23 26 27 28 30 31 32 33 34 35 40 43 44 45
22 3 4 5 10 11 12 17 21 22 23 24 26 27 31 34 35 38 40 41 43 45 46
25 1 2 3 4 5 14 17 21 23 24 27 29 30 31 32 33 35 38 40 41 42 43 44 47 49
28 1 3 4 5 9 10 11 12 14 15 17 20 21 22 23 24 26 27 31 32 33 34 35 37 38 40 43 44
20 0 3 5 10 11 13 18 21 22 24 27 28 29 31 34 35 38 42 43 45
23 1 4 5 10 12 14 15 16 17 18 20 21 22 24 27 31 32 33 35 37 38 40 43
29 1 2 3 4 5 7 9 10 12 14 15 17 21 22 23 24 27 31 32 33 34 35 37 38 40 41 42 43 45
25 0 1 3 5 9 10 12 13 14 15 17 21 22 23 27 31 32 33 35 36 38 40 41 43 47
25 1 3 5 9 10 13 14 17 21 22 24 26 27 28 31 32 34 35 38 40 41 43 44 45 46
26 1 3 5 10 11 12 14 16 18 21 22 23 24 26 27 29 30 31 32 33 35 37 38 42 43 45
27 1 3 4 5 9 10 13 15 17 18 21 22 24 26 27 29 31 32 34 35 38 40 41 42 43 47 49
26 1 3 5 12 13 14 15 18 21 22 24 27 28 29 31 33 34 35 38 40 41 42 43 44 46 49
22 3 4 5 8 10 12 21 22 24 26 27 31 32 33 35 37 38 40 43 44 45 47
24 3 5 10 11 14 19 21 22 23 24 27 29 30 31 32 33 34 35 38 40 41 42 43 45
22 3 5 10 12 13 15 18 20 21 22 24 27 31 32 33 35 38 40 41 42 43 44
25 1 5 12 13 14 17 21 22 23 24 27 28 31 32 33 34 35 37 38 40 41 43 44 45 49
25 1 3 4 10 14 17 18 20 21 22 23 27 30 31 32 34 35 36 38 39 40 41 42 43 48
26 1 3 5 9 10 14 21 22 24 26 27 29 31 32 33 34 35 37 38 39 40 41 42 43 44 45
23 1 3 5 9 10 14 17 21 22 23 24 27 29 31 32 34 35 38 40 41 42 43 44
20 1 3 5 10 12 14 17 23 24 27 31 32 34 35 37 38 41 43 45 47
26 0 1 3 4 5 6 7 10 14 15 18 21 22 24 27 28 31 32 35 37 40 43 44 45 46 47
28 1 3 4 5 8 10 12 15 17 21 22 23 24 26 27 30 31 33 34 35 37 38 40 42 43 45 46 48
30 1 3 4 5 10 12 14 15 16 17 18 20 21 22 23 24 26 29 31 32 33 34 35 37 38 39 40 41 43 47
28 0 1 3 4 5 7 12 13 17 18 21 22 23 24 26 27 31 32 34 35 37 38 40 41 42 43 44 45
25 1 3 4 5 12 17 18 21 22 23 24 27 30 31 32 34 35 37 38 40 41 43 45 46 48
27 1 5 9 12 14 15 17 18 20 21 24 26 27 29 31 32 34 35 37 38 39 40 41 42 43 44 46
28 1 3 5 10 13 14 17 18 19 21 22 23 24 27 29 31 32 33 34 35 37 38 40 41 43 45 48 49
21 1 3 5 13 15 16 21 23 24 26 27 29 31 32 35 38 40 41 42 43 45
25 1 3 5 10 13 15 18 20 21 22 24 26 27 30 31 32 33 34 35 37 38 40 42 43 45
24 1 3 4 5 10 12 18 21 22 23 25 26 29 31 32 34 35 37 39 40 41 42 43 47
25 1 3 5 10 12 13 15 17 18 21 22 23 24 27 28 29 31 32 34 35 38 39 40 43 45
25 1 3 4 5 9 10 13 17 18 21 24 27 29 31 32 33 34 35 37 38 39 42 43 44 46
24 1 3 4 5 10 12 15 17 21 22 23 24 27 31 32 33 34 35 37 38 40 43 45 46
20 1 3 5 9 11 21 22 26 27 31 32 33 34 35 37 38 40 42 43 45
22 3 9 10 15 17 20 21 22 24 27 31 32 34 35 37 38 39 40 41 43 45 47
26 1 3 5 9 10 12 15 18 20 21 23 24 26 27 31 32 34 35 36 37 38 42 43 44 45 48
30 1 3 4 5 9 10 12 13 14 16 17 20 21 22 23 24 25 26 27 28 29 32 33 35 38 39 40 42 43 44
25 1 3 4 5 9 11 12 17 21 22 23 24 27 28 31 32 34 35 37 38 39 40 41 43 44
29 1 3 5 10 11 13 15 16 17 20 21 22 23 24 26 28 30 31 32 33 34 35 37 38 40 41 43 44 45
22 1 4 12 15 18 21 22 23 24 26 27 31 32 33 34 35 37 38 40 42 43 44
28 1 3 5 9 10 12 13 15 17 18 21 22 24 26 27 28 31 32 33 34 35 37 38 39 40 41 42 43
23 1 2 3 5 10 12 13 17 21 22 23 24 26 27 29 31 32 35 38 40 41 43 45
19 1 3 4 5 13 15 17 21 22 24 26 27 34 37 40 41 42 43 49
27 1 3 5 6 10 12 13 14 17 20 21 24 27 28 29 31 32 33 34 35 38 40 41 43 44 45 49
25 1 3 5 10 12 13 20 21 22 24 26 27 31 32 33 34 35 37 38 39 40 41 42 43 44
24 1 5 10 12 15 17 21 22 23 24 26 27 31 32 33 34 35 37 38 40 43 44 46 47
24 1 3 4 5 10 12 16 17 18 20 21 22 24 26 31 32 34 35 38 40 41 43 46 49
26 1 2 3 4 5 10 15 17 21 22 23 26 27 28 31 32 33 34 35 38 40 41 42 43 44 48
25 1 3 4 5 7 10 20 21 22 23 24 26 28 29 31 32 34 35 38 40 41 43 44 46 48
27 3 4 5 6 12 13 14 15 18 21 22 26 27 29 30 31 32 34 35 37 38 40 41 43 44 45 46
22 1 3 5 10 12 13 15 17 21 22 24 31 32 34 35 37 38 39 40 43 44 48
28 1 3 5 10 12 14 15 18 20 21 22 24 27 29 30 31 32 33 34 35 37 38 41 42 43 45 48 49
25 1 3 5 12 13 15 17 19 21 22 23 24 26 27 31 32 33 34 35 37 38 40 41 42 43
26 1 3 4 5 9 12 14 15 17 18 21 23 24 27 29 31 32 34 35 37 38 39 42 43 44 45
27 0 1 3 5 6 10 14 17 20 21 22 23 24 26 27 30 31 32 33 34 35 38 40 42 43 44 49
28 0 1 3 5 10 12 14 15 19 20 21 22 24 27 28 30 31 32 35 37 38 40 41 42 43 44 45 48
25 1 3 5 10 11 12 14 21 22 24 26 27 28 31 32 33 34 35 38 39 40 41 43 44 49
26 1 3 5 10 12 14 15 17 18 21 22 23 24 27 31 32 34 35 37 38 40 41 42 43 45 48
24 1 3 5 12 15 17 18 21 22 24 26 27 31 32 34 35 37 38 39 40 41 42 43 44
29 1 3 4 5 11 12 13 14 15 17 20 21 22 23 24 26 27 31 32 35 37 38 40 41 42 43 45 46 48
25 3 5 11 14 15 17 20 21 22 23 24 27 28 31 32 33 34 35 37 38 39 40 41 42 43
25 1 3 5 10 13 17 18 21 22 23 24 26 27 30 31 32 34 35 37 38 40 41 42 43 46
0 332 586 666 709 788 852 919 988 1059 1115 1173 1223 1294 1355 1429 1578 1645 1759 1773
